normal 400 0 50 50 2
normal 350 0 50 50 2
normal 150 100 50 50 2
normal 100 150 50 50 2
normal 600 100 50 50 2
normal 650 150 50 50 2
normal 150 200 50 50 2
normal 200 250 50 50 2
normal 250 300 50 50 2
normal 300 300 50 50 2
normal 350 300 50 50 2
normal 400 300 50 50 2
normal 450 300 50 50 2
normal 500 300 50 50 2
normal 550 250 50 50 2
normal 600 200 50 50 2
normal 300 200 50 50 2
normal 350 200 50 50 2
normal 400 200 50 50 2
normal 450 200 50 50 2
normal 200 50 50 50 2
normal 250 0 50 50 2
normal 300 0 50 50 2
normal 450 0 50 50 2
normal 500 0 50 50 2
normal 550 50 50 50 2
normal 300 100 50 50 2
normal 450 100 50 50 2
lucky 350 150 50 50 1 -1
lucky 400 150 50 50 1 -1
bomb 200 150 50 50 1 1 100
bomb 550 150 50 50 1 1 100
lucky 150 150 50 50 1 -1
lucky 600 150 50 50 1 -1
bedrock 200 200 50 50
bedrock 250 200 50 50
bedrock 250 250 50 50
bedrock 300 250 50 50
bedrock 350 250 50 50
bedrock 400 250 50 50
bedrock 500 250 50 50
bedrock 450 250 50 50
bedrock 550 200 50 50
bedrock 500 200 50 50
bedrock 200 100 50 50
bedrock 250 150 50 50
bedrock 300 150 50 50
bedrock 250 100 50 50
bedrock 500 100 50 50
bedrock 550 100 50 50
bedrock 500 150 50 50
bedrock 450 150 50 50
bedrock 250 50 50 50
bedrock 300 50 50 50
bedrock 450 50 50 50
bedrock 500 50 50 50
bedrock 100 200 50 50
bedrock 50 200 50 50
bedrock 50 150 50 50
bedrock 650 200 50 50
bedrock 700 200 50 50
bedrock 700 150 50 50
lucky 50 100 50 50 1 -1
lucky 700 100 50 50 1 -1
bomb 350 100 50 50 1 1 100
bomb 400 100 50 50 1 1 100
normal 350 50 50 50 2
normal 400 50 50 50 2