normal 50 200 50 50 2
normal 100 250 50 50 2
normal 150 200 50 50 2
normal 200 150 50 50 2
normal 250 200 50 50 2
normal 350 250 50 50 2
normal 400 250 50 50 2
normal 550 150 50 50 2
normal 600 200 50 50 2
normal 650 250 50 50 2
normal 700 200 50 50 2
normal 500 200 50 50 2
lucky 300 200 50 50 1 -1
lucky 450 200 50 50 1 -1
bedrock 200 200 50 50
bedrock 550 200 50 50
bedrock 150 250 50 50
bedrock 600 250 50 50
bomb 100 200 50 50 1 2 50
bomb 650 200 50 50 1 2 50
normal 200 100 50 50 2
normal 550 100 50 50 2
normal 250 100 50 50 2
normal 300 50 50 50 2
normal 350 0 50 50 2
normal 400 0 50 50 2
normal 450 50 50 50 2
normal 500 100 50 50 2
bedrock 350 150 50 50
bedrock 400 150 50 50
bomb 350 50 50 50 1 2 50
bomb 400 50 50 50 1 2 50
lucky 100 150 50 50 1 -1
lucky 650 150 50 50 1 -1
lucky 350 100 50 50 1 -1
lucky 400 100 50 50 1 -1
normal 50 100 50 50 2
normal 150 100 50 50 2
normal 600 100 50 50 2
normal 700 100 50 50 2
bedrock 100 300 50 50
bedrock 150 300 50 50
bedrock 600 300 50 50
bedrock 650 300 50 50