normal 0 0 50 50 2
normal 0 50 50 50 2
normal 50 0 50 50 2
normal 50 100 50 50 2
normal 100 0 50 50 2
normal 100 50 50 50 2
normal 150 0 50 50 2
normal 150 50 50 50 2
normal 200 0 50 50 2
normal 200 50 50 50 2
normal 250 0 50 50 2
normal 250 100 50 50 2
normal 300 0 50 50 2
normal 300 50 50 50 2
normal 350 0 50 50 2
normal 450 50 50 50 2
normal 250 50 50 50 2
normal 400 0 50 50 2
normal 450 0 50 50 2
normal 550 0 50 50 2
normal 500 50 50 50 2
normal 500 0 50 50 2
normal 550 50 50 50 2
normal 600 50 50 50 2
normal 600 0 50 50 2
normal 650 0 50 50 2
normal 650 50 50 50 2
normal 750 0 50 50 2
normal 700 0 50 50 2
normal 750 50 50 50 2
normal 0 100 50 50 2
normal 100 100 50 50 2
normal 150 100 50 50 2
normal 300 100 50 50 2
normal 350 100 50 50 2
normal 400 100 50 50 2
normal 450 100 50 50 2
normal 500 100 50 50 2
normal 600 100 50 50 2
normal 650 100 50 50 2
normal 700 100 50 50 2
normal 750 100 50 50 2
normal 0 150 50 50 2
normal 50 150 50 50 2
normal 100 150 50 50 2
normal 150 150 50 50 2
normal 250 150 50 50 2
normal 200 150 50 50 2
normal 300 150 50 50 2
normal 350 150 50 50 2
normal 400 150 50 50 2
normal 450 150 50 50 2
normal 500 150 50 50 2
normal 550 150 50 50 2
normal 600 150 50 50 2
normal 650 150 50 50 2
normal 700 150 50 50 2
normal 750 150 50 50 2
bomb 50 50 50 50 1 1 100
bomb 700 50 50 50 1 1 100
lucky 350 50 50 50 1 -1
lucky 400 50 50 50 1 -1
lucky 200 100 50 50 1 -1
lucky 550 100 50 50 1 -1