normal 350 100 50 50 2
normal 400 50 50 50 2
normal 450 0 50 50 2
normal 500 0 50 50 2
normal 600 100 50 50 2
normal 550 150 50 50 2
normal 450 250 50 50 2
normal 350 350 50 50 2
normal 400 300 50 50 2
normal 300 50 50 50 2
normal 250 0 50 50 2
normal 200 0 50 50 2
normal 150 50 50 50 2
normal 100 100 50 50 2
normal 150 150 50 50 2
normal 200 200 50 50 2
normal 250 250 50 50 2
normal 300 300 50 50 2
normal 500 200 50 50 2
normal 550 50 50 50 2
lucky 350 300 50 50 1 0
lucky 300 250 50 50 1 2
lucky 400 250 50 50 1 7
lucky 250 200 50 50 1 4
lucky 450 200 50 50 1 0
lucky 200 150 50 50 1 7
lucky 500 150 50 50 1 10
lucky 550 100 50 50 1 1
lucky 500 50 50 50 1 2
lucky 150 100 50 50 1 4
lucky 200 50 50 50 1 8
lucky 250 50 50 50 1 0
lucky 450 50 50 50 1 1
normal 200 100 50 50 2
normal 250 100 50 50 2
normal 250 150 50 50 2
normal 300 100 50 50 2
normal 300 150 50 50 2
normal 300 200 50 50 2
normal 350 250 50 50 2
normal 400 200 50 50 2
normal 350 200 50 50 2
normal 350 150 50 50 2
normal 400 150 50 50 2
normal 400 100 50 50 2
normal 450 100 50 50 2
normal 500 100 50 50 2
normal 450 150 50 50 2