normal 150 250 50 50 2
normal 200 200 50 50 2
normal 250 150 50 50 2
normal 300 100 50 50 2
normal 350 50 50 50 2
normal 400 50 50 50 2
normal 450 100 50 50 2
normal 500 150 50 50 2
normal 550 200 50 50 2
normal 600 250 50 50 2
normal 350 150 50 50 2
normal 400 150 50 50 2
normal 300 200 50 50 2
normal 450 200 50 50 2
normal 250 250 50 50 2
normal 500 250 50 50 2
bomb 350 200 100 100 1 1 100
lucky 150 200 50 50 1 -1
lucky 200 150 50 50 1 -1
lucky 250 100 50 50 1 -1
lucky 300 50 50 50 1 -1
lucky 350 0 50 50 1 -1
lucky 400 0 50 50 1 -1
lucky 450 50 50 50 1 -1
lucky 500 100 50 50 1 -1
lucky 550 150 50 50 1 -1
lucky 600 200 50 50 1 -1
normal 100 250 50 50 2
normal 50 250 50 50 2
normal 0 250 50 50 2
normal 650 250 50 50 2
normal 700 250 50 50 2
normal 750 250 50 50 2
normal 300 300 50 50 2
normal 450 300 50 50 2
bedrock 200 250 50 50
bedrock 250 200 50 50
bedrock 300 150 50 50
bedrock 400 100 50 50
bedrock 350 100 50 50
bedrock 450 150 50 50
bedrock 500 200 50 50
bedrock 550 250 50 50
normal 50 50 100 100 2
normal 650 50 100 100 2
normal 0 200 50 50 2
normal 50 200 50 50 2
normal 100 200 50 50 2
normal 700 200 50 50 2
normal 650 200 50 50 2
normal 750 200 50 50 2
lucky 300 250 50 50 1 -1
lucky 450 250 50 50 1 -1
normal 350 300 50 50 2
normal 400 300 50 50 2
normal 500 300 50 50 2
normal 250 300 50 50 2
bedrock 150 300 50 50
bedrock 600 300 50 50
lucky 200 300 50 50 1 -1
lucky 550 300 50 50 1 -1