normal 50 150 50 50 2
normal 0 200 50 50 2
normal 50 250 50 50 2
normal 100 200 50 50 2
bedrock 50 200 50 50
normal 750 200 50 50 2
normal 700 150 50 50 2
normal 650 200 50 50 2
normal 700 250 50 50 2
bedrock 700 200 50 50
normal 350 50 50 50 2
normal 400 50 50 50 2
normal 300 0 50 50 2
normal 250 0 50 50 2
normal 450 0 50 50 2
normal 500 0 50 50 2
normal 200 50 50 50 2
normal 150 100 50 50 2
normal 200 150 50 50 2
normal 250 200 50 50 2
normal 300 250 50 50 2
normal 400 300 50 50 2
normal 350 300 50 50 2
normal 450 250 50 50 2
normal 500 200 50 50 2
normal 550 150 50 50 2
normal 600 100 50 50 2
normal 550 50 50 50 2
bedrock 300 150 50 50
bedrock 350 150 50 50
bedrock 400 150 50 50
bedrock 450 150 50 50
lucky 300 200 50 50 1 -1
lucky 450 200 50 50 1 -1
bomb 200 100 50 50 1 1 100
bomb 550 100 50 50 1 1 100
bedrock 250 100 50 50
bedrock 500 100 50 50
normal 300 50 50 100 2
normal 450 50 50 100 2
normal 350 200 100 100 2
bomb 250 150 50 50 1 1 100
bomb 500 150 50 50 1 1 100
bomb 500 50 50 50 1 1 100
bomb 250 50 50 50 1 1 100
lucky 350 100 50 50 1 -1
lucky 400 100 50 50 1 -1