normal 100 100 50 50 2
bedrock 150 200 50 50
bedrock 100 200 50 50
bedrock 200 200 50 50
bedrock 250 200 50 50
bedrock 300 200 50 50
bedrock 350 200 50 50
bedrock 400 200 50 50
bedrock 500 200 50 50
bedrock 450 200 50 50
bedrock 550 200 50 50
bedrock 600 200 50 50
bedrock 650 200 50 50
normal 150 100 50 50 2
normal 200 100 50 50 2
normal 250 100 50 50 2
normal 300 100 50 50 2
normal 450 100 50 50 2
normal 500 100 50 50 2
normal 550 100 50 50 2
normal 600 100 50 50 2
normal 650 100 50 50 2
normal 100 150 50 50 2
normal 100 0 50 50 2
normal 100 50 50 50 2
normal 150 0 50 50 2
normal 150 50 50 50 2
normal 350 0 50 50 2
normal 450 0 50 50 2
normal 650 0 50 50 2
normal 650 50 50 50 2
normal 650 150 50 50 2
normal 450 50 50 50 2
normal 600 0 50 50 2
normal 600 50 50 50 2
normal 600 150 50 50 2
normal 400 0 50 50 2
bomb 200 0 100 100 1 1 100
bomb 500 0 100 100 1 1 100
normal 300 0 50 50 2
normal 300 50 50 50 2
normal 450 150 50 50 2
normal 150 150 50 50 2
lucky 0 0 50 50 1 -1
lucky 50 0 50 50 1 -1
lucky 700 0 50 50 1 -1
lucky 750 0 50 50 1 -1
normal 300 150 50 50 2
normal 350 150 50 50 2
normal 400 150 50 50 2
lucky 350 50 100 100 1 -1
normal 0 50 100 100 2
normal 700 50 100 100 2
normal 0 150 50 50 2
normal 50 150 50 50 2
normal 700 150 50 50 2
normal 750 150 50 50 2
lucky 200 150 50 50 1 -1
lucky 250 150 50 50 1 -1
lucky 500 150 50 50 1 -1
lucky 550 150 50 50 1 -1