bedrock 150 100 50 50
bedrock 200 50 50 50
bedrock 250 0 50 50
bedrock 300 50 50 50
bedrock 350 100 50 50
bedrock 450 50 50 50
bedrock 500 0 50 50
bedrock 550 50 50 50
bedrock 600 100 50 50
bedrock 650 150 50 50
bedrock 400 100 50 50
bedrock 100 150 50 50
normal 250 50 50 50 2
normal 200 100 50 50 2
normal 300 100 50 50 2
normal 450 100 50 50 2
normal 500 50 50 50 2
normal 550 100 50 50 2
normal 600 150 50 50 2
normal 150 150 50 50 2
normal 100 100 50 50 2
normal 150 50 50 50 2
normal 200 0 50 50 2
normal 550 0 50 50 2
normal 600 50 50 50 2
normal 650 100 50 50 2
normal 700 150 50 50 2
normal 650 200 50 50 2
normal 100 200 50 50 2
normal 50 150 50 50 2
normal 150 200 50 50 2
normal 200 200 50 50 2
normal 250 200 50 50 2
normal 300 200 50 50 2
normal 350 200 50 50 2
normal 400 200 50 50 2
normal 450 200 50 50 2
normal 500 200 50 50 2
normal 550 200 50 50 2
normal 600 200 50 50 2
lucky 250 100 50 50 1 -1
lucky 350 150 50 50 1 -1
lucky 400 150 50 50 1 -1
lucky 500 100 50 50 1 -1
bomb 200 150 50 50 1 1 100
bomb 600 150 50 50 1 1 100
normal 300 150 50 50 2
normal 500 150 50 50 2
normal 450 150 50 50 2
normal 250 150 50 50 2
normal 550 150 50 50 2
lucky 50 200 50 50 1 6
lucky 700 200 50 50 1 3
normal 0 200 50 50 2
normal 750 200 50 50 2