bomb 100 50 100 100 1 3 150
bomb 600 50 100 100 1 3 150
bedrock 50 150 50 50
bedrock 100 150 50 50
bedrock 150 150 50 50
bedrock 200 150 50 50
bedrock 50 100 50 50
bedrock 50 50 50 50
bedrock 200 50 50 50
bedrock 200 100 50 50
bedrock 550 50 50 50
bedrock 550 100 50 50
bedrock 550 150 50 50
bedrock 600 150 50 50
bedrock 650 150 50 50
bedrock 700 150 50 50
bedrock 700 100 50 50
bedrock 700 50 50 50
bedrock 50 0 50 50
bedrock 700 0 50 50
bedrock 150 250 150 50
bedrock 500 250 150 50
lucky 0 0 50 50 2 1
lucky 750 0 50 50 2 5
normal 550 0 50 50 2
normal 200 0 50 50 2
normal 250 200 50 50 2
normal 500 200 50 50 2
normal 500 150 50 50 2
normal 500 100 50 50 2
normal 250 200 50 50 2
normal 250 150 50 50 2
normal 250 100 50 50 2
normal 300 50 50 50 2
normal 450 50 50 50 2
normal 350 50 100 100 6
bomb 300 100 50 50 1 1 50
bomb 450 100 50 50 1 1 50
normal 0 100 50 100 2
normal 750 100 50 100 2
bedrock 100 300 100 50
bedrock 600 300 100 50
normal 100 200 50 50 2
normal 650 200 50 50 2
normal 650 250 50 50 2
normal 100 250 50 50 2
lucky 150 200 50 50 2 6
lucky 600 200 50 50 2 2
bedrock 300 150 50 50
bedrock 450 150 50 50
normal 300 250 50 50 2
normal 350 300 50 50 2
normal 400 300 50 50 2
normal 450 250 50 50 2
normal 350 200 50 50 2
normal 400 200 50 50 2
normal 100 0 50 50 2
normal 650 0 50 50 2